v2.0 raw
a007 f400 6007 6006 4000 7001 ff54 8
41 62 64 65 6c 72 61 68
6d 61 6e 20 47 68 61 72
69 62 20 45 6c 20 48 61
6d 61 68 6d 69 20 33 37
2d 31 35 38 38 31 20 54
2d 31 31 d a 4f 6c 66
61 74 20 4d 6f 73 74 61
66 61 20 41 62 64 65 6c
61 7a 69 7a 20 33 37 2d
31 39 30 32 39 20 54 2d
31 37 d a 4e 65 73 72
69 6e 20 41 62 64 75 6c
61 7a 69 7a 20 41 74 74
69 61 20 33 37 2d 31 36
32 31 38 20 54 2d 31 33
d a 4d 6f 68 61 6d 65
64 20 53 61 62 72 79 20
33 37 2d 31 38 33 34 31
20 54 2d 33 32 d a 54
65 61 6d 20 30 31 36 d
a 42 ef 6e 75 73 20 3a
44 20 d a
